% -------------------------------------------------------------------
%  Generated by MATLAB on 27-Dec-2022 15:44:29
%  MATLAB version: 9.12.0.2009381 (R2022a) Update 4
% -------------------------------------------------------------------
                                          

CalData = ...
  [89.43 90.868 90.23 91.03 128;
   87.79 89.534 88.63 89.43 120;
   84.99 86.86 86.23 87.43 110;
   82.59 84.46 84.23 85.83 100;
   80.591 82.86 82.23 83.831 90;
   78.99 80.86 80.63 82.63 80;
   77.39 79.73 79.03 81.03 70;
   76.19 78.13 77.83 79.83 60;
   74.99 76.93 76.63 78.63 50;
   71.79 75.73 75.03 77.43 40;
   72.19 74.13 73.9 75.83 30;
   71.06 73.33 72.7 75.03 25;
   70.66 72.53 72.3 74.63 23;
   69.86 71.73 71.5 73.9 20;
   68.26 70.13 70.3 71.9 15;
   66.66 68.53 68.7 70.3 12;
   65.46 67.33 67.5 68.7 10;
   64.46 65.33 65.9 67.5 8;
   61.06 62.53 63.5 64.7 6;
   59.06 60.93 62.3 62.7 5;
   57.06 58.13 60.7 60.3 4;
   53.46 55.73 57.9 57.1 3;
   48.66 50.13 54.7 51.9 2];

