
function [x,y]=CalibrationData
rig1=[89.43 87.79 84.99 82.59 80.591 78.99 77.39 76.19 74.99 71.79 72.19 71.06 70.66 69.86 68.26 66.66 65.46 64.46 61.06 59.06 57.06 53.46 48.66];
rig2=[90.868 89.534 86.86 84.46 82.86 80.86 79.73 78.13 76.93 75.73 74.13 73.33 72.53 71.73 70.13 68.53 67.33 65.33 62.53 60.93 58.13 55.73 50.13];
rig3=[90.23 88.63 86.23 84.23 82.23 80.63 79.03 77.83 76.63 75.03 73.9 72.7 72.3 71.5 70.3 68.7 67.5 65.9 63.5 62.3 60.7 57.9 54.7];
rig4=[91.03 89.43 87.43 85.83 83.831 82.63 81.03 79.83 78.63 77.43 75.83 75.03 74.63 73.9 71.9 70.3 68.7 67.5 64.7 62.7 60.3 57.1 51.9];

x=[128 120 110 100 90 80 70 60 50 40 30 25 23 20 15 12 10 8 6 5 4 3 2];
y=(rig1+rig2+rig3+rig4)./4;